subject	task_experience_response	task_experience_other_response	open_ended_feedback_response
5d17a2c94d7eea00170c3aca	No	NA	NA
