subject	DL_i1_clickhand
5de5a131676a6d531c75b6ab	100
