subject	DL_i1_clickhand
5eee761287fdd331fc618449	0
